-0.9373649738588014
-0.936627360439388
-1.6244189431617122
-0.9890237843214961
-1.580838239736942
-1.545362064081662
-1.665446386039317
-1.7193500806983095
-0.7928222318305942
-1.0825215589568966
-1.1096132218889554
-0.9246463165082333
-1.0622030446558286
-1.2957334086510648
-0.6717124998306906
-1.2454685626311768
-1.8616732588210314
-1.7579562708441643
-1.5635835588255798
-0.8556007710930504
-1.290651094562116
-1.050109083869314
-1.7789444948074697
-1.6584502851824219
-1.1806757186209458
-1.082418737516877
-0.5185298864231958
-0.9108186822818379
-1.039414115649511
-1.5170114715189615
