-1.9959648922863573
-1.8434879882076693
-2.0566119904735776
-1.4127759819385721
-0.520959929172352
-1.4277637976356563
-1.9684633875523352
-1.2162431718687252
-1.4120401226906252
-1.8484227424231492
-1.3081548200099091
-1.0921634680384555
-1.447384689831252
-0.9974037842489926
-1.076995402767508
-1.2957321245133364
-0.7910053606954678
-1.1597683617780623
-1.7725096271130825
-2.4926283406629564
-0.4543495539714799
-1.3853035137119771
-1.7396714572596585
-1.401005064036196
-0.8134926396539859
-1.8038037954161446
-1.513834159552679
-1.2270369847829148
-1.015265585528486
-0.9423198263847171
